train data
[[ 47.  16.  79.  87.]
 [ 73.   4.  48.  20.]
 [ 69.  47.  56.  51.]
 [ 85.  63.  17.  59.]
 [ 50.  29.  67.  17.]
 [ 77.  17.  24.  57.]
 [ 64.  59.  60.  53.]
 [ 30.   7.  57.  60.]
 [ 65.  96.  82.  61.]
 [ 63.  32.  15.  60.]
 [ 56.  85.  13.  57.]
 [  7.  69.  29.  98.]
 [ 50.  95.  70.  22.]
 [ 95.  26.   2.  74.]
 [ 23.  63.  42.  13.]
 [ 90.  40.  60.  70.]
 [ 70.  92.  30.   1.]
 [ 46.  13.  23.  91.]
 [ 86.  58.  34.  31.]
 [ 68.  46.   0.  58.]
 [ 83.  51.  53.  35.]
 [ 63.  62.   4.  58.]
 [ 82.  83.  86.  20.]
 [ 88.  85.  21.  21.]
 [ 60.  42.  49.  67.]]
responses
[[ 1.]
 [ 0.]
 [ 0.]
 [ 1.]
 [ 0.]
 [ 0.]
 [ 0.]
 [ 1.]
 [ 1.]
 [ 0.]
 [ 1.]
 [ 0.]
 [ 1.]
 [ 1.]
 [ 1.]
 [ 1.]
 [ 0.]
 [ 1.]
 [ 1.]
 [ 0.]
 [ 1.]
 [ 1.]
 [ 1.]
 [ 1.]
 [ 1.]]
new Commer
[[ 24.  49.  17.  57.]]
result class:  [[ 1.]] 

neighbours:  [[ 0.  1.  0.  1.  1.]] 

distance:  [[ 1823.  1860.  2235.  2336.  2469.]]
